3869737095
4251511305
4598108439
2174930101
3438199280
8461784250
7310882686
9675699435
9739537892
8866877544
7384574560
4760189615
4533873900
9865022842
9690578789
3661819127
5833973584
4906588650
3696767047
6972101407
1575225282
3602602076
4957043676
8959210421
9694226015
9350247148
7165400003
7314758025
6666644444
9592972799
3357154601
8814943088
9362428411
9879876505
1680285991
2595285924
4315469180
9996299484
4528563580
6342946770
2864540294
4660995250
4511884061
4970076149
6426655450
3562613276
1836121645
4977132252
7784993600
1712156001
8210281093
5366780047
2444465952
3275211707
6877734154
6515568774
5346299011
2790260319
4722325511
7466114791
9567777158
7157739150
8159173397
7877995486
5485163515
1989786554
5331538890
4654901546